30064809048
30064870607
30064799176
30064803760
30064816360
30064787926
30064791679
30064823969
30064805020
30064867705
30064872037
30064798925
30064803492
30064773984
30064772071
30064775430
30064775163
30064864665
30064864822
30064869329
30064869369
30064870177
30064872149
30064872833
30064873239
30064872939
30064872985
30064873247
30064873559
30064873941
30064790049
30064778227
30064808602
30064807108
30064772309
30064783880
30064805005
30064870262
30064823959
30064824008
30064812026
30064812171
30064785884
30064785865
30064785875
30064785869
30064807585
30064786263
30064777304
30064823614
30064806317
30064787495
30064824009
30064810049
30064806378
30064808479
30064814541
30064804161
30064804064
30064804066
30064803983
30064812247
30064812245
30064824497
30064789060
30064803084
30064795833
30064787840
30064802586
30064825039
30064802938
30064821365
30064796747
30064785984
30064802302
30064806135
30064811924
30064825474
30064819503
30064816846
30064809646
30064815435
30064817522
30064821452
30064799104
30064806678
30064826017
30064803753
30064795703
30064792289
30064817338
30064808270
30064806679
30064792320
30064806599
30064815145
30064808398
30064823550
30064799029
30064809735
30064817318
30064817789
30064825241
30064809657
30064825283
30064800832
30064796689
30064825325
30064787079
30064806446
30064816923
30064804238
30064803822
30064803823
30064818669
30064807603
30064806448
30064823771
30064810379
30064798775
30064791817
30064825125
30064808433
30064817167
30064807354
30064808760
30064817212
30064821276
30064816924
30064825128
30064811306
30064809956
30064803696
30064816259
30064796556
30064817939
30064795406
30064795407
30064808580
30064816276
30064802009
30064808590
30064804334
30064817224
30064808167
30064792544
30064813554
30064815575
30064808502
30064798815
30064825134
30064825165
30064817021
30064825166
30064825167
30064825168
30064790104
30064815547
30064790739
30064803747
30064804086
30064818005
30064817336
30064804498
30064825170
30064808279
30064803891
30064825171
30064808659
30064808280
30064804740
30064825205
30064815251
30064802578
30064791282
30064825207
30064825208
30064823809
30064816845
30064817757
30064790100
30064815657
30064809077
30064787288
30064806767
30064817234
30064809532
30064825210
30064798938
30064817032
30064824105
30064798899
30064798901
30064803657
30064822520
30064823663
30064822759
30064808745
30064808379
30064808493
30064816218
30064806445
30064822548
30064790796
30064822549
30064800083
30064871394
30064817697
30064808227
30064807496
30064793610
30064822550
30064867351
30064771668
30064771873
30064771828
30064771834
30064771800
30064771759
30064771669
30064771672
30064773120
30064774622
30064780864
30064780865
30064772993
30064774720
30064774801
30064774846
30064774894
30064774889
30064774934
30064774936
30064774937
30064774978
30064774984
30064775025
30064775026
30064775081
30064775244
30064775389
30064775393
30064775394
30064775434
30064775470
30064775471
30064776376
30064776379
30064778071
30064782653
30064778148
30064782737
30064782738
30064782739
30064778228
30064782791
30064785912
30064786006
30064786150
30064785075
30064784141
30064826313
30064864190
30064806725
30064808172
30064795159
30064807453
30064788324
30064800570
30064796561
30064825066
30064795666
30064803692
30064807241
30064822554
30064803693
30064800571
30064811925
30064814242
30064811904
30064805019
30064865937
30064868257
30064807131
30064813262
30064824156
30064788369
30064786184
30064785085
30064811235
30064808624
30064799924
30064807349
30064795274
30064822589
30064822590
30064791681
30064873645
30064803356
30064797238
30064792077
30064790160
30064774163
30064784960
30064777475
30064794698
30064786272
30064777532
30064774179
30064824096
30064808514
30064774165
30064777457
30064817095
30064777520
30064777548
30064812166
30064812316
30064806287
30064825833
30064802079
30064813498
30064796890
30064798676
30064798660
30064807755
30064813222
30064804944
30064807768
30064823794
30064777302
30064785874
30064785878
30064785877
30064785879
30064785880
30064785882
30064785886
30064785883
30064785896
30064812226
30064812219
30064812224
30064812204
30064821144
30064812168
30064812162
30064812085
30064812045
30064811962
30064811920
30064812156
30064811874
30064811879
30064812285
30064812324
30064786250
30064786225
30064786228
30064786226
30064786244
30064824121
30064824122
30064873560
30064823989
30064823955
30064823963
30064825414
30064825433
30064798995
30064799057
30064798965
30064798867
30064803488
30064803519
30064803412
30064805047
30064873874
30064804997
30064804938
30064805592
30064805528
30064805633
30064805943
30064810240
30064806057
30064810034
30064810079
30064772382
30064772368
30064773896
30064772304
30064772227
30064772267
30064772272
30064772192
30064772187
30064772152
30064772153
30064772111
30064771995
30064771997
30064771903
30064771865
30064771870
30064771871
30064815070
30064787692
30064804090
30064816852
30064797451
30064790047
30064824796
30064806281
30064798809
30064822670
30064789996
30064871752
30064869588
30064869326
30064791768
30064801608
30064775291
30064803820
30064808256
30064796253
30064808618
30064796549
30064788409
30064822594
30064804494
30064798751
30064804831
30064806391
30064822660
30064824135
30064807513
30064820013
30064778585
30064790159
30064786313
30064800372
30064791875
30064803797
30064800514
30064824881
30064806164
30064791956
30064816527
30064786680
30064797422
30064819035
30064811298
30064816489
30064786345
30064803447
30064800428
30064824519
30064821131
30064804594
30064790211
30064804550
30064806158
30064802756
30064809884
30064788177
30064804754
30064810294
30064803493
30064803857
30064821094
30064823263
30064810354
30064774896
30064793779
30064813445
30064782980
30064822002
30064775621
30064775361
30064798747
30064798755
30064774353
30064802084
30064772707
30064798681
30064798680
30064787925
30064798651
30064784670
30064786270
30064786269
30064786268
30064784672
30064795746
30064808480
30064820613
30064822846
30064807463
30064823139
30064801804
30064823841
30064804323
30064776896
30064785868
30064785893
30064812216
30064812220
30064812221
30064805002
30064821143
30064812167
30064812203
30064804162
30064787261
30064788459
30064822596
30064823774
30064812843
30064799333
30064803750
30064823775
30064820903
30064788379
30064795443
30064791682
30064810289
30064785887
30064873854
30064787142
30064798744
30064808770
30064822628
30064824746
30064818018
30064802395
30064789213
30064866642
30064871762
30064873534
30064822629
30064800572
30064808383
30064808435
30064800575
30064822632
30064822633
30064800578
30064809337
30064786493
30064795276
30064813265
30064786623
30064825510
30064819504
30064811926
30064824142
30064821744
30064794516
30064786456
30064784383
30064800975
30064821057
30064785892
30064798993
30064772191
30064772146
30064868429
30064869085
30064804062
30064797996
30064822635
30064816281
30064802010
30064821023
30064772383
30064772483
30064774023
30064780431
30064781955
30064772308
30064772305
30064772232
30064772231
30064772268
30064772269
30064772273
30064772147
30064870104
30064774572
30064772154
30064772113
30064771993
30064771904
30064771905
30064771907
30064771867
30064771835
30064771836
30064771794
30064771762
30064771673
30064773152
30064773113
30064773121
30064774618
30064774623
30064774624
30064774625
30064780862
30064780863
30064772994
30064774567
30064774763
30064774802
30064774850
30064774890
30064774931
30064775074
30064775201
30064775246
30064775288
30064775292
30064775293
30064775338
30064775427
30064775467
30064775161
30064776373
30064782656
30064782657
30064776484
30064776485
30064818003
30064819005
30064796465
30064808865
30064804092
30064792217
30064815088
30064808899
30064809728
30064798851
30064817141
30064821062
30064821098
30064821135
30064872145
30064872176
30064872268
30064872277
30064872561
30064873022
30064872589
30064872681
30064872919
30064782734
30064782740
30064785911
30064786104
30064786108
30064786185
30064784731
30064784770
30064783343
30064783421
30064826184
30064826185
30064826454
30064864562
30064864819
30064866060
30064866556
30064867843
30064868084
30064868126
30064868142
30064868535
30064868910
30064868915
30064868992
30064869080
30064869084
30064869229
30064869230
30064869323
30064869791
30064869541
30064869590
30064869672
30064869858
30064870025
30064870616
30064870698
30064870724
30064871054
30064871354
30064871354
30064871352
30064871386
30064871421
30064871740
30064871793
30064803212
30064793361
30064817520
30064793362
30064820822
30064871792
30064872070
30064872141
30064872140
30064771996
30064771864
30064771872
30064771795
30064771832
30064771753
30064773118
30064773071
30064774619
30064774626
30064780868
30064774800
30064775079
30064775202
30064775203
30064775346
30064775347
30064775388
30064775428
30064775159
30064782654
30064782659
30064869101
30064782736
30064784724
30064826239
30064863777
30064866641
30064867571
30064867764
30064868358
30064868532
30064869011
30064869238
30064869243
30064869242
30064869402
30064870096
30064869849
30064869859
30064869888
30064870725
30064870029
30064870141
30064870178
30064870179
30064870400
30064870738
30064870843
30064870885
30064870937
30064871335
30064817700
30064823769
30064871556
30064871668
30064812124
30064812079
30064812042
30064812078
30064812008
30064812009
30064811961
30064811960
30064811948
30064811947
30064811866
30064811913
30064811843
30064812288
30064784659
30064786247
30064824123
30064824132
30064824136
30064824078
30064823983
30064823987
30064823952
30064823965
30064825415
30064825381
30064825388
30064825395
30064798873
30064803505
30064803507
30064803464
30064803406
30064805084
30064805057
30064805045
30064805000
30064804937
30064804939
30064804940
30064804941
30064804954
30064805575
30064805629
30064805944
30064805948
30064805950
30064810035
30064810161
30064772384
30064772385
30064772386
30064817040
30064817541
30064804470
30064787693
30064816015
30064803656
30064872940
30064872997
30064873068
30064873068
30064873137
30064873278
30064814243
30064801552
30064806266
30064814146
30064807654
30064786503
30064785867
30064812227
30064811964
30064805095
30064805626
30064772155
30064775080
30064775241
30064775391
30064775164
30064786105
30064867556
30064872151
30064871651
30064871715
30064871993
30064872028
30064872142
30064872166
30064872146
30064872283
30064872632
30064872791
30064872845
30064873035
30064873236
30064873342
30064873344
30064873492
30064873591
30064873683
30064873939
30064874036
30064874041
30064874153
30064874248
30064816016
30064873656
30064808889
30064801748
30064796525
30064808588
30064808623
30064787188
30064790045
30064787487
30064873550
30064873584
30064873606
30064873685
30064873855
30064873853
30064873924
30064873922
30064874085
30064874085
30064874152
30064874160
30064874189
30064792831
30064804182
30064815915
30064814987
30064817701
30064814624
30064804482
30064786394
30064821190
30064795444
30064802642
30064823662
30064819467
30064804637
30064812126
30064811990
30064866517
30064871080
30064778072
30064782655
30064782660
30064782661
30064776491
30064778146
30064778226
30064782794
30064786048
30064786057
30064786152
30064786186
30064783384
30064863638
30064863693
30064863694
30064865391
30064865826
30064865873
30064865938
30064865990
30064873222
30064866640
30064866643
30064866884
30064867263
30064867371
30064867558
30064867557
30064867763
30064868125
30064868141
30064868188
30064868189
30064868533
30064868687
30064869055
30064869068
30064869081
30064869082
30064869245
30064869322
30064869324
30064869328
30064869394
30064869506
30064869506
30064869912
30064869912
30064869924
30064870027
30064870028
30064870088
30064870089
30064870176
30064870463
30064870625
30064870630
30064870723
30064871003
30064871081
30064871324
30064871329
30064871385
30064872057
30064871499
30064871487
30064871498
30064871587
30064871645
30064774804
30064803020
30064823645
30064822705
30064782942
30064785895
30064785899
30064785903
30064812222
30064812169
30064812084
30064811965
30064811906
30064812102
30064812037
30064812286
30064783160
30064786251
30064786239
30064824124
30064824125
30064824131
30064823957
30064824053
30064825386
30064799014
30064799045
30064799053
30064798966
30064798932
30064803472
30064802000
30064805183
30064805106
30064805046
30064805072
30064804981
30064804931
30064804865
30064804909
30064805665
30064805945
30064806058
30064806020
30064806024
30064810163
30064810164
30064772387
30064772389
30064772148
30064778823
30064772312
30064772270
30064772274
30064772149
30064772115
30064772074
30064771830
30064771831
30064771792
30064771796
30064771760
30064771761
30064771671
30064773115
30064773119
30064774620
30064776227
30064776228
30064776229
30064780869
30064772995
30064774569
30064774575
30064774721
30064774722
30064774757
30064774758
30064774797
30064774891
30064774888
30064774935
30064774980
30064774982
30064774983
30064775024
30064775027
30064775289
30064775339
30064775429
30064809717
30064803150
30064803150
30064807272
30064799787
30064791187
30064817556
30064817559
30064789206
30064823102
30064825434
30064868933
30064871718
30064871743
30064871742
30064871764
30064871800
30064871791
30064872032
30064872041
30064872131
30064872139
30064872132
30064872147
30064872180
30064872179
30064872308
30064872322
30064872864
30064872743
30064872832
30064872930
30064872930
30064873007
30064873200
30064873624
30064873246
30064873245
30064873281
30064873283
30064873285
30064873317
30064873343
30064873516
30064873532
30064873585
30064873604
30064873605
30064873664
30064873671
30064873877
30064873996
30064874188
30064874203
30064813791
30064809285
30064795490
30064814993
30064817320
30064791950
30064798853
30064811736
30064787576
30064790303
30064803222
30064811703
30064800597
30064804168
30064874236
30064874240
30064874241
30064874247
30064874272
30064815424
30064816081
30064808535
30064815550
30064808240
30064813887
30064803837
30064816792
30064803652
30064817351
30064801567
30064803653
30064808903
30064808847
30064818006
30064817831
30064790740
30064817540
30064792573
30064803897
30064792696
30064800876
30064815423
30064808241
30064815545
30064816412
30064824001
30064800163
30064808873
30064808242
30064816787
30064808105
30064808727
30064803981
30064817786
30064815146
30064817322
30064806531
30064800701
30064806218
30064799177
30064816790
30064808869
30064798983
30064792534
30064803695
30064803964
30064808108
30064814992
30064804727
30064806869
30064807451
30064803074
30064817355
30064809858
30064804952
30064874273
30064808848
30064792181
30064816053
30064815562
30064809089
30064787289
30064818480
30064815543
30064816829
30064787505
30064799199
30064808474
30064814349
30064809738
30064803831
30064805732
30064815813
30064797370
30064822322
30064814969
30064786267
30064812062
30064805074
30064783176
30064772234
30064772108
30064774981
30064775290
30064870183
30064870601
30064870974
30064871753
30064808571
30064822325
30064869913
30064869913
30064793726
30064826056
30064805114
30064803131
30064786730
30064820982
30064802113
30064810381
30064795361
30064810465
30064799454
30064786671
30064793608
30064808843
30064803071
30064792136
30064790398
30064777493
30064813349
30064784755
30064816560
30064790163
30064804649
30064803064
30064792840
30064808918
30064808881
30064817168
30064816575
30064824129
30064778131
30064820941
30064810425
30064774129
30064777470
30064773546
30064776231
30064778608
30064809035
30064790001
30064800484
30064777736
30064777567
30064823896
30064802164
30064777498
30064817845
30064822326
30064808004
30064806409
30064807635
30064824806
30064803982
30064795398
30064775082
30064786951
30064808737
30064807201
30064808521
30064816786
30064799887
30064803761
30064792675
30064800833
30064808272
30064785101
30064823634
30064815710
30064817328
30064824590
30064792201
30064815429
30064816851
30064821636
30064817196
30064808849
30064788172
30064790744
30064804165
30064794414
30064806408
30064813296
30064814138
30064809841
30064799788
30064823934
30064807212
30064815956
30064796554
30064808235
30064817718
30064807929
30064817050
30064796553
30064803526
30064814786
30064793780
30064807930
30064816425
30064802414
30064822665
30064795290
30064814462
30064803416
30064794827
30064806063
30064825643
30064806343
30064812214
30064812242
30064804947
30064777196
30064774515
30064776427
30064785467
30064786145
30064784762
30064783344
30064826318
30064865432
30064866030
30064867352
30064867572
30064867851
30064869034
30064869069
30064869218
30064869521
30064870087
30064871363
30064872226
30064872552
30064873115
30064873282
30064792832
30064808728
30064804088
30064815819
30064803527
30064790989
30064807931
30064795402
30064813377
30064786528
30064800524
30064786531
30064816612
30064808726
30064825472
30064796023
30064792844
30064815555
30064801353
30064816613
30064793516
30064802583
30064796301
30064824660
30064801515
30064789057
30064824668
30064824725
30064822761
30064805193
30064824468
30064824464
30064795885
30064795893
30064824604
30064795887
30064824902
30064777883
30064824804
30064787585
30064807291
30064812244
30064796663
30064806052
30064810955
30064806089
30064810957
30064810958
30064810959
30064810960
30064817919
30064813835
30064802721
30064802720
30064803988
30064818508
30064788213
30064814244
30064822763
30064818512
30064817417
30064790421
30064804537
30064807144
30064800880
30064806871
30064814247
30064813299
30064821219
30064787977
30064802383
30064824315
30064814144
30064806207
30064816894
30064818154
30064809529
30064788133
30064806228
30064825162
30064800748
30064790855
30064817220
30064816419
30064825201
30064791955
30064790246
30064823230
30064817482
30064813562
30064810515
30064825282
30064786591
30064790256
30064786311
30064807003
30064818146
30064816541
30064809335
30064818176
30064793934
30064795212
30064786573
30064814530
30064790387
30064797214
30064814881
30064807809
30064808649
30064806272
30064784433
30064786336
30064809403
30064790439
30064823954
30064801556
30064786529
30064808311
30064817515
30064791919
30064793736
30064806434
30064821381
30064790203
30064788100
30064816896
30064807897
30064804516
30064784254
30064790208
30064802668
30064781654
30064821819
30064785313
30064819169
30064791966
30064801747
30064795365
30064793764
30064796311
30064804339
30064815976
30064805514
30064817225
30064806369
30064795054
30064819064
30064803735
30064795707
30064803743
30064778938
30064792733
30064799272
30064784776
30064865255
30064866031
30064869067
30064814787
30064814788
30064787326
30064811887
30064802303
30064821361
30064802754
30064805538
30064802719
30064803283
30064818517
30064804372
30064806215
30064817150
30064806295
30064815764
30064802935
30064824003
30064806026
30064776330
30064867852
30064869652
30064870975
30064872790
30064805789
30064816611
30064800829
30064814790
30064799178
30064779222
30064814791
30064803824
30064808460
30064795403
30064790212
30064815988
30064817521
30064796097
30064807933
30064808243
30064798271
30064823935
30064802304
30064787498
30064785888
30064771674
30064826406
30064873036
30064873036
30064824507
30064814792
30064807934
30064817743
30064788753
30064818939
30064795404
30064809821
30064787130
30064808807
30064799460
30064813790
30064811884
30064807935
30064790213
30064815093
30064816648
30064807441
30064814793
30064788666
30064795405
30064787151
30064808864
30064801020
30064786530
30064824338
30064795442
30064808418
30064798496
30064816453
30064805588
30064816325
30064809833
30064807964
30064808314
30064808459
30064786534
30064808746
30064816561
30064824100
30064823273
30064804015
30064824503
30064796746
30064821183
30064796028
30064824167
30064824810
30064798933
30064866061
30064816927
30064808244
30064824067
30064772228
30064808802
30064817771
30064808417
30064808427
30064792877
30064786356
30064801965
30064807855
30064814460
30064815397
30064804440
30064807883
30064806289
30064824011
30064800350
30064817990
30064807850
30064814623
30064808626
30064824143
30064819469
30064790110
30064803485
30064787290
30064808475
30064813264
30064821556
30064804325
30064808850
30064798222
30064802500
30064868908
30064817694
30064777889
30064824584
30064818030
30064798696
30064787927
30064824263
30064818002
30064804935
30064816520
30064791331
30064807414
30064807331
30064792364
30064808536
30064809068
30064815963
30064787683
30064816779
30064800005
30064808537
30064811201
30064814736
30064808295
30064804222
30064803856
30064790042
30064802005
30064791868
30064807885
30064778231
30064802972
30064806652
30064796845
30064808882
30064807888
30064814839
30064810290
30064812246
30064869860
30064791818
30064868909
30064868909
30064807106
30064818037
30064806656
30064815700
30064792810
30064796558
30064815552
30064785639
30064814569
30064816649
30064807890
30064806126
30064771990
30064807847
30064823321
30064774571
30064816652
30064796101
30064816083
30064796000
30064816191
30064817022
30064817023
30064809544
30064809231
30064824066
30064790636
30064792933
30064772275
30064814466
30064786436
30064786252
30064779115
30064812243
30064818023
30064799751
30064824898
30064807927
30064806366
30064796755
30064824389
30064824506
30064802353
30064804095
30064816656
30064803444
30064808942
30064816688
30064787736
30064816201
30064789533
30064815037
30064786620
30064797318
30064817171
30064818009
30064809367
30064796695
30064824463
30064807798
30064808928
30064816689
30064790003
30064814074
30064823772
30064807886
30064791864
30064786711
30064788412
30064823770
30064802715
30064808852
30064815455
30064809160
30064786351
30064816691
30064819065
30064803400
30064777386
30064804955
30064804563
30064794783
30064794779
30064790716
30064817643
30064808803
30064825554
30064817644
30064807057
30064785520
30064785602
30064824065
30064806242
30064803126
30064785607
30064819508
30064823625
30064808455
30064791333
30064790263
30064816692
30064804715
30064803478
30064800351
30064807051
30064817323
30064803479
30064798689
30064787295
30064791902
30064871880
30064871716
30064871713
30064871722
30064871744
30064871763
30064871771
30064871775
30064871799
30064871804
30064871947
30064871947
30064872015
30064872029
30064872150
30064872236
30064872291
30064807969
30064872301
30064872300
30064872307
30064872306
30064872323
30064872792
30064865197
30064867727
30064867853
30064868169
30064868355
30064868356
30064868357
30064868359
30064868537
30064868686
30064868709
30064869279
30064868911
30064868914
30064869010
30064869056
30064869086
30064869327
30064869653
30064869733
30064869778
30064869910
30064869911
30064870026
30064870085
30064870086
30064870200
30064870200
30064870175
30064870181
30064870186
30064870180
30064870182
30064870184
30064870187
30064870399
30064870399
30064870505
30064870636
30064870971
30064870991
30064870990
30064871091
30064871468
30064871562
30064817731
30064809823
30064817721
30064786390
30064803481
30064787409
30064786944
30064816696
30064809161
30064798768
30064796040
30064807133
30064810017
30064803533
30064792594
30064787153
30064807231
30064795484
30064815217
30064814899
30064807971
30064791865
30064824057
30064809528
30064822622
30064820057
30064817816
30064786266
30064824082
30064805167
30064805107
30064810039
30064773116
30064775474
30064869083
30064872587
30064872588
30064872918
30064872920
30064872923
30064872993
30064873009
30064873095
30064873155
30064873096
30064873118
30064873144
30064873138
30064873186
30064873187
30064873244
30064873341
30064873345
30064873579
30064873583
30064873590
30064873589
30064873623
30064873649
30064873875
30064873852
30064873851
30064873878
30064873923
30064873925
30064873942
30064873940
30064816849
30064799638
30064809729
30064801228
30064816742
30064817732
30064794608
30064814900
30064873644
30064873588
30064873284
30064872631
30064871420
30064798732
30064800357
30064799962
30064869522
30064866125
30064786005
30064775340
30064775030
30064774892
30064780870
30064773074
30064772390
30064777885
30064824111
30064811848
30064812223
30064785866
30064822966
30064808012
30064813873
30064815659
30064814942
30064808056
30064798733
30064818116
30064825202
30064806325
30064809261
30064808055
30064814946
30064814945
30064824064
30064795446
30064795447
30064808736
30064809732
30064796027
30064803781
30064823695
30064819470
30064825469
30064804254
30064815431
30064787930
30064799201
30064808539
30064821617
30064807471
30064801571
30064818469
30064818470
30064803737
30064807110
30064804063
30064814943
30064803984
30064807678
30064799227
30064816748
30064804573
30064817894
30064794437
30064817479
30064807014
30064817324
30064805372
30064806368
30064817325
30064800455
30064816417
30064816426
30064816017
30064815447
30064817895
30064824063
30064787687
30064803530
30064810291
30064804252
30064817983
30064815817
30064808059
30064816324
30064816166
30064816750
30064794059
30064801506
30064817583
30064798814
30064791904
30064790559
30064793426
30064802892
30064817343
30064804642
30064816928
30064792701
30064808565
30064803826
30064814950
30064809199
30064800756
30064816784
30064792448
30064814563
30064801102
30064804634
30064803699
30064823806
30064824494
30064817006
30064818314
30064796846
30064795471
30064803407
30064814846
30064823635
30064796491
30064790906
30064809258
30064803363
30064807926
30064798847
30064813376
30064803364
30064804530
30064793872
30064802385
30064806601
30064795231
30064787247
30064787795
30064810247
30064791954
30064798675
30064811988
30064787477
30064807756
30064817278
30064815760
30064803055
30064789517
30064807595
30064806818
30064798136
30064788413
30064791767
30064786253
30064808732
30064813888
30064816431
30064786054
30064817853
30064807808
30064786429
30064817132
30064808665
30064808914
30064804730
30064808362
30064809283
30064806966
30064808507
30064816435
30064824606
30064804616
30064788414
30064793691
30064823891
30064806362
30064807757
30064809309
30064807758
30064807759
30064806484
30064807760
30064798805
30064804773
30064799998
30064817531
30064806648
30064796036
30064818059
30064824163
30064815268
30064806749
30064809543
30064814576
30064791899
30064794470
30064873938
30064874169
30064874187
30064874261
30064799584
30064814577
30064807561
30064817039
30064815252
30064807761
30064806707
30064807762
30064873581
30064870658
30064868917
30064868536
30064867855
30064867367
30064792187
30064787215
30064816468
30064867368
30064866122
30064865390
30064864666
30064826410
30064783370
30064778232
30064775076
30064775022
30064774798
30064774799
30064774759
30064774760
30064774715
30064773155
30064808316
30064816469
30064809739
30064810048
30064806197
30064824094
30064807763
30064800922
30064814578
30064822671
30064824901
30064772109
30064780385
30064781913
30064804996
30064805085
30064824000
30064824077
30064809181
30064811851
30064812189
30064812029
30064811968
30064812206
30064785876
30064775228
30064781572
30064808323
30064796555
30064809741
30064801760
30064792690
30064815746
30064806198
30064807764
30064790260
30064786438
30064783870
30064823930
30064811340
30064823066
30064794700
30064822317
30064811927
30064798672
30064784611
30064808276
30064775834
30064782249
30064870553
30064808733
30064803916
30064791773
30064808062
30064799409
30064803607
30064822366
30064773156
30064802315
30064806620
30064815947
30064787480
30064796038
30064804328
30064809996
30064815761
30064817001
30064817744
30064807438
30064816857
30064816482
30064787368
30064801207
30064822367
30064811071
30064822368
30064822369
30064780769
30064809004
30064808103
30064825514
30064814348
30064781390
30064808888
30064814103
30064808261
30064795236
30064790975
30064809010
30064815685
30064824098
30064816922
30064799241
30064799481
30064802316
30064822370
30064799483
30064795790
30064818557
30064786439
30064822371
30064788270
30064800520
30064794515
30064802542
30064824498
30064786447
30064786514
30064796882
30064787727
30064811151
30064803772
30064806221
30064796208
30064786932
30064824394
30064815443
30064824390
30064790044
30064822403
30064808556
30064791555
30064822404
30064803608
30064802281
30064799775
30064786968
30064809844
30064816839
30064822405
30064804724
30064806413
30064808109
30064808110
30064799269
30064795448
30064817814
30064789053
30064807290
30064803925
30064806864
30064803919
30064813839
30064825855
30064826188
30064803284
30064805554
30064813758
30064813760
30064804363
30064802541
30064802540
30064817064
30064821611
30064815253
30064808299
30064804562
30064819804
30064806132
30064811888
30064795449
30064795485
30064809893
30064824059
30064824060
30064824020
30064824019
30064824018
30064816311
30064800927
30064819168
30064809159
30064810333
30064793818
30064822408
30064822409
30064793862
30064802007
30064795655
30064822439
30064823768
30064822473
30064822474
30064786440
30064795270
30064822475
30064825123
30064802478
30064790485
30064795637
30064795789
30064822478
30064791009
30064795271
30064792585
30064791777
30064814117
30064822479
30064798773
30064806441
30064823410
30064806442
30064804737
30064793946
30064803609
30064816866
30064802008
30064807495
30064804830
30064818214
30064796490
30064808902
30064799488
30064806444
30064822513
30064817645
30064808248
30064808254
30064822514
30064804314
30064806806
30064799489
30064806913
30064804647
30064801568
30064808627
30064822515
30064822516
30064867369
30064808761
30064809056
30064804169
30064864561
30064865936
30064868152
30064868916
30064868916
30064868919
30064868919
30064869150
30064870185
30064871166
30064871048
30064871315
30064871393
30064871754
30064871929
30064872175
30064872175
30064873037
30064873154
30064873153
30064873184
30064873580
30064873587
30064873551
30064873876
30064874219
30064874274
30064808871
30064801908
30064817552
30064799478
30064810074
30064807109
30064796482
30064806061
30064823961
30064811967
30064782053
30064816733
30064799977
30064807400
30064808643
30064815748
30064825246
30064803290
30064802630
30064803986
30064803987
30064816384
30064825247
30064817646
30064786840
30064825248
30064808721
30064795976
30064804177
30064801095
30064791866
30064811106
30064807505
30064808464
30064809197
30064811043
30064825249
30064795322
30064825285
30064825286
30064787705
30064795318
30064807685
30064793518
30064796667
30064802722
30064799702
30064813761
30064816112
30064796039
30064824758
30064824586
30064801226
30064815658
30064804333
30064825287
30064791867
30064808269
30064806642
30064817117
30064786490
30064806485
30064825288
30064825292
30064795486
30064795487
30064822852
30064825512
30064825468
30064787931
30064787189
30064825328
30064815456
30064773157
30064774717
30064786109
30064869914
30064824729
30064816250
30064802048
30064811883
30064811880
30064811882
30064819800
30064806153
30064819801
30064806131
30064806128
30064806129
30064798492
30064798495
30064798493
30064802305
30064803227
30064805347
30064808162
30064804561
30064807336
30064809059
30064786240
30064799073
30064785932
30064790435
30064808576
30064814461
30064818964
30064814457
30064805352
30064802749
30064814458
30064796026
30064796029
30064796526
30064802539
30064801853
30064791239
30064814198
30064814197
30064820062
30064820063
30064821618
30064820065
30064801669
30064804103
30064818530
30064802537
30064804107
30064791848
30064811154
30064807466
30064795052
30064802841
30064808513
30064789056
30064802582
30064811608
30064818472
30064818473
30064803086
30064811607
30064795657
30064795659
30064795661
30064811349
30064803738
30064805532
30064807016
30064804528
30064824727
30064805751
30064814204
30064824607
30064814200
30064824501
30064824388
30064787242
30064814411
30064824730
30064803125
30064803127
30064807676
30064824903
30064825559
30064787583
30064826192
30064825848
30064793520
30064825850
30064825852
30064825851
30064793522
30064803287
30064826330
30064826331
30064826333
30064813833
30064798280
30064818506
30064804292
30064814241
30064822766
30064808842
30064800081
30064803924
30064810547
30064816985
30064793983
30064800103
30064806716
30064813809
30064818520
30064816799
30064797821
30064802797
30064810350
30064802050
30064806252
30064818518
30064802387
30064786465
30064786432
30064786445
30064792286
30064780146
30064806225
30064816396
30064806226
30064775141
30064786427
30064786448
30064810305
30064786497
30064818156
30064814553
30064808209
30064796893
30064809462
30064800360
30064798678
30064814600
30064798740
30064798668
30064786660
30064816399
30064788092
30064806458
30064809845
30064816408
30064781647
30064815449
30064802824
30064804421
30064797560
30064811508
30064804564
30064823075
30064824462
30064808547
30064807818
30064820527
30064815958
30064825329
30064817316
30064803849
30064787752
30064800742
30064825330
30064809198
30064817348
30064807153
30064808552
30064817581
30064809784
30064821025
30064793178
30064791109
30064821028
30064799781
30064821030
30064794777
30064791880
30064812230
30064812072
30064825371
30064805044
30064790480
30064813640
30064821031
30064804982
30064791422
30064821064
30064814382
30064826334
30064775160
30064786106
30064826286
30064867570
30064870240
30064870631
30064872590
30064872708
30064873533
30064872686
30064872163
30064871831
30064871831
30064871801
30064871714
30064867370
30064864668
30064784757
30064776332
30064775204
30064774516
30064772992
30064771675
30064771793
30064771869
30064810239
30064804861
30064804949
30064804942
30064805016
30064803508
30064825452
30064825376
30064811952
30064812006
30064786265
30064807530
30064811048
30064797423
30064811614
30064814784
30064803859
30064823036
30064786547
30064798746
30064814549
30064805625
30064819984
30064817073
30064818245
30064818509
30064811612
30064826335
30064793523
30064803291
30064796662
30064825558
30064803128
30064814199
30064814238
30064802590
30064796025
30064804021
30064792929
30064793211
30064802751
30064824148
30064785761
30064805345
30064802306
30064806134
30064823588
30064822760
30064823326
30064788416
30064821065
30064803153
30064822672
30064823268
30064823628
30064820827
30064793224
30064824646
30064791861
30064804147
30064816853
30064792861
30064817562
30064804441
30064809047
30064820858
30064796071
30064786486
30064820859
30064820860
30064820861
30064820862
30064795489
30064807021
30064807381
30064787297
30064771758
30064820863
30064787703
30064790264
30064813266
30064820906
30064802043
30064820908
30064790403
30064820909
30064824016
30064820910
30064820911
30064808657
30064804224
30064820912
30064790111
30064810298
30064795358
30064820913
30064809230
30064808644
30064820914
30064820948
30064826042
30064796444
30064820949
30064815254
30064817360
30064801182
30064808671
30064804869
30064807247
30064820951
30064820952
30064817347
30064820953
30064804173
30064820954
30064820955
30064808540
30064808394
30064820956
30064793370
30064809196
30064820988
30064809746
30064808959
30064820987
30064806946
30064801625
30064807344
30064807503
30064823939
30064817172
30064820991
30064816314
30064808161
30064808178
30064791169
30064817745
30064804057
30064815964
30064804253
30064806979
30064791990
30064817279
30064796727
30064814015
30064790311
30064806973
30064802968
30064817329
30064808884
30064803748
30064817722
30064820825
30064820826
30064810095
30064825655
30064809227
30064823804
30064807406
30064799105
30064824601
30064817411
30064815799
30064808764
30064818522
30064806952
30064792622
30064791124
30064815965
30064815524
30064806194
30064814469
30064816515
30064816556
30064802981
30064824757
30064815593
30064803355
30064804226
30064799726
30064816267
30064803995
30064813256
30064807754
30064808496
30064795226
30064801783
30064808258
30064815585
30064808245
30064803392
30064800387
30064803435
30064815042
30064800795
30064798223
30064807427
30064803476
30064806232
30064804442
30064823766
30064796837
30064819003
30064793189
30064806279
30064790000
30064803524
30064814679
30064816607
30064821205
30064824423
30064816686
30064815756
30064807498
30064815718
30064800970
30064826144
30064815073
30064823802
30064814837
30064807846
30064814476
30064815510
30064816740
30064804866
30064792916
30064790038
30064816427
30064818113
30064814783
30064817247
30064814886
30064806322
30064803648
30064806403
30064816428
30064814940
30064816429
30064803689
30064815039
30064815262
30064817599
30064806439
30064803912
30064786973
30064795266
30064802904
30064808399
30064789607
30064814121
30064817746
30064801845
30064815430
30064790762
30064809191
30064821141
30064821140
30064805856
30064812284
30064821138
30064821137
30064821102
30064806526
30064814570
30064817033
30064793646
30064795315
30064786433
30064796880
30064790769
30064803358
30064787531
30064825470
30064813294
30064814224
30064806196
30064798726
30064816854
30064807426
30064799585
30064803911
30064806726
30064791811
30064816432
30064810727
30064807353
30064815105
30064814572
30064798765
30064806199
30064814573
30064801886
30064803142
30064801883
30064817698
30064814574
30064800144
30064795399
30064823844
30064822319
30064803362
30064810288
30064806201
30064820855
30064809226
30064817461
30064786571
30064795439
30064818278
30064812125
30064808257
30064806342
30064792519
30064775704
30064777481
30064792175
30064799548
30064790771
30064797912
30064806637
30064790757
30064804534
30064782260
30064787516
30064787312
30064824573
30064801753
30064816875
30064814239
30064806635
30064774844
30064816344
30064803039
30064816101
30064799523
30064824157
30064809731
30064796068
30064799566
30064816336
30064817985
30064815297
30064808197
30064800217
30064789145
30064804097
30064806774
30064785870
30064799944
30064815396
30064790926
30064814240
30064801866
30064799498
30064816283
30064787921
30064810038
30064807677
30064789539
30064793616
30064809736
30064790301
30064788589
30064776377
30064777301
30064784690
30064771757
30064814863
30064823967
30064823953
30064786246
30064785871
30064818307
30064814967
30064801220
30064803065
30064790356
30064826336
30064824385
30064824726
30064825553
30064809040
30064808054
30064808054
30064786822
30064792224
30064791635
30064816472
30064795229
30064794055
30064807589
30064799413
30064803803
30064789098
30064817158
30064804390
30064806235
30064816473
30064798690
30064806203
30064796102
30064792282
30064792983
30064787025
30064786875
30064802409
30064809971
30064799991
30064793182
30064810057
30064792716
30064807794
30064801964
30064803396
30064826371
30064793175
30064808706
30064809747
30064807395
30064817984
30064816693
30064803610
30064806237
30064800699
30064816517
30064806159
30064826325
30064809193
30064811966
30064812290
30064786238
30064824092
30064798906
30064803486
30064803487
30064803521
30064778870
30064775605
30064783153
30064784777
30064783303
30064826271
30064812007
30064776545
30064776545
30064775396
30064775392
30064774985
30064803959
30064783495
30064786687
30064813841
30064802585
30064793210
30064826528
30064807720
30064774621
30064774796
30064774514
30064810158
30064804993
30064805166
30064825450
30064812083
30064786720
30064807348
30064806661
30064799889
30064817749
30064809464
30064804443
30064815928
30064817174
30064823971
30064792193
30064817683
30064817787
30064813615
30064806240
30064814629
30064818391
30064801963
30064795232
30064787041
30064803739
30064817896
30064796982
30064813287
30064806227
30064807861
30064772150
30064821418
30064813272
30064786525
30064814207
30064806528
30064793588
30064808516
30064799412
30064816765
30064826498
30064777185
30064799692
30064793915
30064783410
30064798674
30064787589
30064823001
30064785872
30064812228
30064812209
30064812122
30064812127
30064812043
30064812146
30064812235
30064811849
30064786231
30064824115
30064824088
30064823956
30064799052
30064803491
30064805025
30064805001
30064804936
30064788836
30064803023
30064803038
30064813946
30064783547
30064811419
30064817629
30064796838
30064812233
30064821145
30064811868
30064812330
30064798917
30064803465
30064805073
30064804991
30064804995
30064805730
30064805536
30064805548
30064809087
30064781829
30064772151
30064772069
30064772070
30064772418
30064772405
30064805947
30064817673
30064815955
30064818025
30064803947
30064809560
30064803942
30064803936
30064796066
30064790008
30064814683
30064807799
30064794457
30064821600
30064803018
30064870722
30064869325
30064804863
30064805026
30064798976
30064808646
30064798695
30064808183
30064813336
30064806213
30064825853
30064789052
30064824382
30064804299
30064799711
30064808317
30064803917
30064804478
30064808834
30064803401
30064811110
30064814733
30064787881
30064794881
30064786012
30064819509
30064823045
30064808744
30064809601
30064824594
30064815719
30064808853
30064807347
30064807384
30064815720
30064817447
30064807796
30064803436
30064802893
30064796509
30064815281
30064806283
30064814687
30064803828
30064791772
30064814685
30064798692
30064799976
30064816522
30064870805
30064873092
30064808769
30064807223
30064804650
30064815406
30064807004
30064801183
30064788417
30064804739
30064816524
30064803439
30064816558
30064814689
30064803258
30064816559
30064802324
30064787458
30064867850
30064811478
30064786804
30064873791
30064807578
30064807563
30064816108
30064816223
30064824828
30064817905
30064824014
30064800391
30064824939
30064786355
30064804044
30064806282
30064807849
30064790046
30064811886
30064824952
30064817889
30064814730
30064807852
30064806286
30064818586
30064800393
30064814731
30064795268
30064798730
30064791814
30064804227
30064791815
30064814732
30064792686
30064793209
30064792931
30064824807
30064807803
30064803388
30064794913
30064786727
30064777328
30064774761
30064785638
30064786052
30064868912
30064816909
30064791089
30064808503
30064786389
30064814413
30064788169
30064786552
30064774845
30064864667
30064870597
30064873318
30064872553
30064871741
30064868638
30064772271
30064784649
30064805854
30064803509
30064798935
30064804990
30064808922
30064792356
30064792932
30064825887
30064808890
30064806230
30064788317
30064788275
30064813404
30064786590
30064773700
30064806231
30064873586
30064871528
30064871395
30064797294
30064788220
30064811922
30064796302
30064791676
30064814593
30064800363
30064817047
30064790660
30064803941
30064790730
30064799777
30064817193
30064815494
30064804731
30064799753
30064809229
30064786232
30064798994
30064871776
30064818008
30064810011
30064817133
30064792602
30064798729
30064818486
30064798731
30064803442
30064825713
30064871772
30064801341
30064815448
30064816939
30064821363
30064817529
30064798735
30064796103
30064803259
30064798498
30064808897
30064825509
30064825473
30064823327
30064823324
30064823667
30064823669
30064823621
30064804669
30064810814
30064822365
30064816246
30064817747
30064806407
30064803357
30064804827
30064823620
30064822813
30064823269
30064807800
30064817425
30064803920
30064802941
30064806862
30064795535
30064803528
30064788418
30064806364
30064824527
30064817761
30064803531
30064802360
30064804275
30064788461
30064804460
30064823981
30064823980
30064823979
30064816617
30064803532
30064813258
30064790007
30064803564
30064791769
30064790009
30064790010
30064807801
30064816743
30064800352
30064816832
30064801966
30064803566
30064801299
30064807802
30064813259
30064816744
30064807889
30064801967
30064814991
30064798770
30064796493
30064803603
30064804301
30064807928
30064816789
30064799541
30064807965
30064822399
30064815182
30064808998
30064790043
30064801350
30064817715
30064806371
30064822436
30064787962
30064795230
30064801968
30064809157
30064795233
30064801970
30064808007
30064822545
30064822587
30064806405
30064796840
30064809158
30064804059
30064808008
30064822625
30064796841
30064803087
30064818467
30064803945
30064793208
30064789272
30064802964
30064814463
30064796523
30064805348
30064802753
30064793170
30064805866
30064808320
30064796750
30064808009
30064822321
30064804828
30064791770
30064803606
30064788463
30064788464
30064802265
30064805275
30064797762
30064808893
30064808010
30064823932
30064786393
30064802004
30064806011
30064806406
30064786437
30064823978
30064810466
30064816746
30064803560
30064797030
30064790262
30064797029
30064786535
30064803562
30064803561
30064793784
30064823977
30064806443
30064803565
30064803658
30064803651
30064803602
30064790219
30064814789
30064800579
30064823975
30064790108
30064806487
30064818354
30064802049
30064806489
30064790109
30064806492
30064825334
30064815873
30064808443
30064804144
30064803164
30064788467
30064792034
30064795570
30064795573
30064795574
30064804489
30064792134
30064821142
30064806984
30064799824
30064803477
30064797128
30064808215
30064810010
30064816880
30064802401
30064790857
30064811163
30064807387
30064813643
30064799140
30064824244
30064819802
30064819897
30064786624
30064817934
30064806941
30064801638
30064823666
30064823320
30064823665
30064823041
30064823325
30064822666
30064823694
30064823698
30064823700
30064823696
30064823699
30064823107
30064823048
30064823323
30064823044
30064823042
30064822853
30064822854
30064825513
30064819510
30064819511
30064811923
30064825511
30064805983
30064825471